image: /home/sobits/catkin_ws/src/robocup2020_handyman/map/Layout2020HM01/Layout2020HM01.pgm
resolution: 0.050000
origin: [-12.200000, -13.800000, 0.000000]
negate: 0
occupied_thresh: 0.65
free_thresh: 0.196

