image: /home/sobits/catkin_ws/src/robocup2020_handyman/map/Layout2019HM01/Layout2019HM01.pgm
resolution: 0.050000
origin: [-12.200000, -17.000000, 0.000000]
negate: 0
occupied_thresh: 0.65
free_thresh: 0.196

